1 8.997304711953063
2 1.40681987759692
3 0.3956074560433951
4 0.08881654840252029
5 0.01690838135001327
6 0.004793696987793528
7 0.0019946919329683066
8 0.000928295401854129
Elapsed time is 429.090082 seconds.
1 7.9332263991334315
2 2.288364769811597
3 0.8095337328754693
4 0.22426479677991884
5 0.11353361891854796
6 0.08426609017666253
7 0.06669869846664889
8 0.05395680531462688
9 0.044404985140525044
10 0.03657617924012624
11 0.030214895550605414
12 0.025019664877296677
13 0.02069565382719607
14 0.017097012717501414
15 0.014105382190016336
16 0.011622468320786616
17 0.00956627759211126
18 0.007867052688766307
19 0.006467633039553222
20 0.005314505393580804
21 0.004364624365928327
22 0.003582948988511303
23 0.002940214880719827
24 0.0024120744992879306
25 0.0019783303410603192
26 0.001622266901427416
27 0.001330076619852738
28 0.0010903714624579397
29 0.0008937705728144785
Elapsed time is 1934.808654 seconds.
1 7.383010548749615
2 2.6670558314614645
3 0.9553891807749051
4 0.3020580729510254
5 0.23652857411720785
6 0.20858152409313746
7 0.17440173712913887
8 0.16142505464683166
9 0.16230143359611882
10 0.1703341085204243
11 0.17930627852285252
12 0.19164273325811476
13 0.20059412892308837
14 0.20456953618577955
15 0.19606788457518576
16 0.17350800988918014
17 0.14217606534916039
18 0.10608314389196982
19 0.07427966196413327
20 0.05540678141549227
21 0.03992841151784854
22 0.027748653389614297
23 0.018842258540827883
24 0.012620478473049035
25 0.008394972395662892
26 0.005564461388725239
27 0.003673873304326114
28 0.0024111735451712857
29 0.0015719565280374326
30 0.0010201839332335538
31 0.000661361478866529
Elapsed time is 1482.216256 seconds.
1 7.014501886786269
2 2.8032880146781594
3 1.0989811203147726
4 0.48657695796458744
5 0.47782037151354495
6 0.37547274010640097
7 0.31045225444474345
8 0.26225159022535394
9 0.22861909313413442
10 0.2650252400998998
11 0.27489068741412304
12 0.2681095739662922
13 0.32095053896699155
14 0.3662392437362241
15 0.38503818802312306
16 0.3629409165629509
17 0.2872850596908023
18 0.22439017932931077
19 0.18893797405891355
20 0.15509078289648942
21 0.12197755634274035
22 0.09342803185880022
23 0.07053457128052265
24 0.0523279315325218
25 0.038216691349404606
26 0.02751331622836064
27 0.01972576965630831
28 0.014282610276966867
29 0.010594712584779398
30 0.007855139093294827
31 0.005828411808606937
32 0.004331550661750505
33 0.0032255694254736955
34 0.0024057583257683923
35 0.0017955190006593291
36 0.0013402093101515522
37 0.0010004517958381864
38 0.0007470061401719796
Elapsed time is 3282.976662 seconds.
