Mesh Points: 202
	 7.845067e-02,  2.623741e-01
	 1.273625e-01,  3.145994e-01
	 6.938894e-18,  2.776410e-01
	 6.938894e-18,  3.787969e-01
	 8.645561e-02,  3.999794e-01
	 1.000000e+00,  6.417821e-01
	 9.165548e-01,  6.310521e-01
	 1.000000e+00,  6.971145e-01
	 8.955424e-01,  7.688723e-01
	 9.375040e-01,  7.696614e-01
	 8.769478e-01,  6.785063e-01
	 7.471153e-01,  2.861178e-01
	 6.890414e-01,  2.550004e-01
	 7.524436e-01,  3.522716e-01
	 6.722476e-01,  4.002895e-01
	 7.209477e-01,  3.989412e-01
	 6.064775e-01,  3.065837e-01
	 6.082808e-01,  2.983573e-01
	 1.662591e-01,  9.388637e-01
	 2.453900e-01,  9.154398e-01
	 2.472027e-01,  8.681575e-01
	 1.214868e-01,  8.939377e-01
	 1.231187e-01,  8.509535e-01
	 1.855852e-01,  8.008319e-01
	 5.788508e-01,  8.930601e-01
	 5.271417e-01,  8.725909e-01
	 5.514513e-01,  1.000000e+00
	 4.562358e-01,  9.334618e-01
	 4.901740e-01,  1.000000e+00
	 5.100381e-01,  8.760410e-01
	 1.000000e+00,  0.000000e+00
	 1.000000e+00,  1.131895e-01
	 9.811536e-01,  0.000000e+00
	 9.166847e-01,  8.860767e-02
	 3.918820e-01,  8.342938e-02
	 3.248397e-01,  0.000000e+00
	 2.758198e-01,  0.000000e+00
	 3.896458e-01,  9.106639e-02
	 3.358407e-01,  1.244894e-01
	 2.580302e-01,  1.102197e-01
	 4.920686e-01,  3.865931e-01
	 4.673001e-01,  3.441122e-01
	 3.691989e-01,  3.261035e-01
	 3.679397e-01,  4.432380e-01
	 3.363096e-01,  4.232158e-01
	 4.784001e-01,  4.163075e-01
	 3.386211e-01,  3.484341e-01
	 3.279099e-01,  4.050539e-01
	 6.214636e-01,  5.788923e-01
	 5.561160e-01,  5.635182e-01
	 5.167429e-01,  6.364518e-01
	 5.330068e-01,  6.679035e-01
	 5.832988e-01,  6.833080e-01
	 6.242081e-01,  6.517546e-01
	 2.975244e-01,  5.784589e-01
	 2.500833e-01,  5.158228e-01
	 2.451941e-01,  6.463034e-01
	 1.869187e-01,  6.542155e-01
	 1.795307e-01,  5.461694e-01
	 2.143977e-01,  5.071269e-01
	 1.350723e-01,  9.002063e-02
	 1.119307e-01,  1.786403e-01
	 7.119114e-02,  7.018490e-02
	 0.000000e+00,  1.591067e-01
	 1.033776e-01,  1.836872e-01
	 0.000000e+00,  1.124523e-01
	 9.141161e-01,  9.037413e-01
	 8.679251e-01,  8.588617e-01
	 7.526649e-01,  8.886574e-01
	 7.524139e-01,  9.029270e-01
	 8.296130e-01,  1.000000e+00
	 8.528478e-01,  1.000000e+00
	 9.153013e-01,  9.185505e-01
	 7.515277e-01,  8.909451e-01
	 7.901029e-01,  7.327130e-01
	 8.001334e-01,  7.659889e-01
	 7.084410e-01,  7.005867e-01
	 6.763206e-01,  7.673925e-01
	 7.435128e-01,  8.270678e-01
	 7.047586e-01,  7.156502e-02
	 6.745276e-01,  4.738588e-02
	 7.010483e-01,  1.595997e-01
	 5.942341e-01,  1.489685e-01
	 6.824926e-01,  1.806388e-01
	 5.800068e-01,  7.220946e-02
	 1.000000e+00,  3.885986e-01
	 9.145901e-01,  3.330165e-01
	 1.000000e+00,  4.235133e-01
	 8.681513e-01,  4.430564e-01
	 8.870665e-01,  4.529765e-01
	 8.895867e-01,  3.428858e-01
	 8.620394e-01,  3.897201e-01
	 4.467278e-01,  7.447126e-01
	 3.884267e-01,  6.908535e-01
	 4.321324e-01,  8.071693e-01
	 3.200627e-01,  8.045094e-01
	 3.733409e-01,  8.397338e-01
	 3.090034e-01,  7.472074e-01
	 3.156645e-01,  7.313696e-01
	-4.336809e-19,  8.719082e-01
	 1.529387e-02,  8.717967e-01
	-4.336809e-19,  7.562594e-01
	 6.027095e-02,  8.035046e-01
	 4.926106e-02,  7.559269e-01
	 6.217414e-01,  4.515675e-01
	 6.208528e-01,  4.586913e-01
	 5.405838e-01,  3.750067e-01
	 5.076001e-01,  5.031346e-01
	 5.267575e-01,  5.120268e-01
	 1.021638e-01,  5.499483e-01
	 6.850137e-02,  5.171428e-01
	 1.031009e-01,  6.409063e-01
	 0.000000e+00,  6.214464e-01
	 6.499384e-02,  6.589616e-01
	 0.000000e+00,  5.369265e-01
	 3.815250e-01,  5.240551e-01
	 3.146839e-01,  5.793942e-01
	 4.397858e-01,  5.500176e-01
	 3.921775e-01,  6.659151e-01
	 4.443124e-01,  6.181378e-01
	 3.977413e-01,  9.332658e-01
	 3.762529e-01,  9.151408e-01
	 3.834198e-01,  1.000000e+00
	 2.788115e-01,  1.000000e+00
	 2.719036e-01,  9.377075e-01
	 8.204113e-01,  4.757924e-01
	 7.521171e-01,  4.679347e-01
	 8.251514e-01,  5.697729e-01
	 7.725156e-01,  6.004052e-01
	 7.247614e-01,  5.043677e-01
	 2.899350e-01,  2.326228e-01
	 2.423802e-01,  1.806661e-01
	 1.808356e-01,  2.132261e-01
	 1.831386e-01,  2.999616e-01
	 2.076908e-01,  3.121380e-01
	 2.732148e-01,  2.872980e-01
	 4.760070e-01,  1.591958e-01
	 5.256677e-01,  2.196154e-01
	 4.322841e-01,  1.537596e-01
	 4.762077e-01,  2.603250e-01
	 3.857180e-01,  2.376127e-01
	 3.770879e-01,  2.248598e-01
	 9.005416e-01,  9.488703e-02
	 8.441804e-01,  0.000000e+00
	 8.019594e-01,  0.000000e+00
	 8.261131e-01,  1.460508e-01
	 8.975796e-01,  1.003737e-01
	 7.648339e-01,  5.889440e-02
	 8.203168e-01,  1.582809e-01
	 8.292254e-01,  2.217415e-01
	 8.134536e-01,  2.517125e-01
	 9.502969e-01,  2.020038e-01
	 9.362223e-01,  2.312749e-01
	 6.405999e-01,  7.765597e-01
	 6.006054e-01,  7.534281e-01
	 6.102906e-01,  8.826138e-01
	 5.390682e-01,  7.802046e-01
	 5.996296e-01,  8.904611e-01
	 2.238529e-01,  3.912105e-01
	 1.789387e-01,  4.440576e-01
	 6.829670e-01,  1.000000e+00
	 6.599002e-01,  1.000000e+00
	 5.695181e-01,  6.453388e-02
	 5.545484e-01,  0.000000e+00
	 5.037192e-01,  8.583907e-02
	 4.391212e-01,  5.121000e-02
	 4.471459e-01,  0.000000e+00
	 5.583907e-02,  9.144646e-01
	 3.002935e-02,  1.000000e+00
	 1.449057e-01,  1.000000e+00
	 5.298888e-01,  2.196740e-01
	 1.000000e+00,  1.827983e-01
	 1.000000e+00,  2.819649e-01
	 9.504115e-01,  2.722222e-01
	 1.822942e-01,  6.577028e-01
	 1.758363e-01,  7.490960e-01
	 5.357331e-02,  7.509762e-01
	 1.000000e+00,  5.221334e-01
	 9.201897e-01,  5.153489e-01
	 8.908070e-01,  5.901469e-01
	 1.000000e+00,  8.381895e-01
	 9.999444e-01,  8.381869e-01
	 1.000000e+00,  9.772918e-01
	 1.055206e-01,  4.295307e-01
	 8.256840e-01,  6.803166e-01
	 7.652129e-01,  6.134715e-01
	 1.599579e-01,  6.938894e-18
	 1.355280e-01,  8.973223e-02
	 2.507399e-01,  1.163285e-01
	 4.812904e-01,  7.387259e-01
	 6.782561e-01,  0.000000e+00
	 6.642956e-01,  5.213749e-01
	 1.000000e+00,  1.000000e+00
	 3.553976e-01,  2.164214e-01
	 1.870022e-01,  7.660378e-01
	 7.053092e-01,  6.795879e-01
	 4.242794e-02, -3.469447e-18
	 8.743560e-01,  7.879717e-01
	 7.387832e-01,  6.266671e-01
	 6.502376e-01,  5.587416e-01
	 0.000000e+00,  0.000000e+00
	 0.000000e+00,  1.000000e+00
Mesh Facets: 301
	2, 3
	7, 5
	28, 26
	31, 30
	30, 32
	35, 36
	65, 63
	70, 71
	87, 85
	101, 99
	40, 45
	114, 112
	123, 122
	143, 144
	12, 11
	81, 83
	11, 13
	91, 90
	150, 11
	146, 145
	148, 149
	25, 24
	44, 47
	55, 59
	69, 73
	161, 160
	155, 157
	163, 166
	21, 18
	168, 169
	16, 17
	40, 41
	40, 106
	137, 139
	12, 83
	83, 82
	17, 12
	170, 17
	172, 171
	151, 152
	111, 113
	5, 177
	5, 6
	66, 72
	182, 180
	114, 110
	3, 114
	4, 3
	134, 133
	159, 158
	4, 183
	1, 4
	96, 95
	124, 121
	20, 19
	6, 179
	10, 6
	127, 128
	36, 39
	36, 186
	27, 29
	121, 120
	96, 121
	94, 96
	113, 112
	113, 176
	101, 103
	112, 101
	92, 93
	51, 50
	119, 118
	190, 163
	163, 162
	80, 84
	15, 14
	129, 126
	104, 105
	182, 72
	192, 182
	71, 72
	71, 192
	38, 39
	131, 130
	39, 188
	97, 98
	174, 175
	56, 57
	77, 76
	154, 153
	53, 52
	186, 187
	186, 196
	62, 60
	59, 159
	58, 59
	183, 110
	110, 109
	159, 183
	140, 141
	135, 130
	46, 42
	193, 130
	135, 46
	135, 134
	158, 134
	158, 47
	47, 46
	84, 162
	162, 164
	136, 137
	82, 84
	170, 82
	137, 170
	67, 66
	66, 181
	9, 8
	53, 195
	53, 48
	107, 45
	115, 117
	45, 43
	91, 88
	91, 13
	126, 15
	126, 125
	13, 15
	132, 133
	1, 133
	0, 1
	61, 64
	10, 184
	74, 75
	197, 8
	8, 10
	173, 152
	90, 86
	150, 90
	149, 150
	152, 149
	108, 107
	107, 117
	119, 50
	117, 119
	50, 49
	197, 67
	197, 75
	75, 78
	67, 68
	124, 19
	123, 124
	169, 18
	169, 123
	19, 18
	54, 56
	56, 98
	98, 93
	93, 118
	118, 116
	43, 44
	44, 55
	116, 54
	116, 115
	115, 43
	55, 54
	70, 69
	69, 160
	160, 70
	105, 191
	105, 108
	48, 199
	108, 49
	49, 48
	127, 179
	127, 125
	89, 88
	88, 125
	179, 178
	32, 33
	32, 143
	143, 142
	73, 68
	155, 73
	155, 153
	78, 77
	78, 68
	153, 77
	102, 103
	22, 23
	176, 103
	194, 175
	175, 176
	65, 62
	200, 65
	62, 196
	196, 200
	172, 173
	85, 172
	85, 86
	173, 86
	33, 142
	31, 33
	151, 171
	171, 31
	142, 146
	146, 151
	144, 147
	144, 190
	80, 79
	190, 80
	188, 131
	188, 187
	61, 60
	61, 132
	132, 131
	187, 60
	2, 0
	63, 2
	64, 63
	64, 0
	184, 185
	184, 74
	195, 76
	76, 74
	198, 195
	28, 27
	122, 28
	122, 120
	27, 120
	95, 97
	20, 95
	20, 23
	194, 23
	97, 194
	37, 38
	193, 141
	38, 193
	141, 138
	166, 165
	166, 35
	35, 34
	52, 51
	51, 189
	156, 154
	154, 52
	168, 167
	99, 201
	201, 168
	100, 99
	156, 189
	156, 25
	94, 92
	94, 29
	29, 25
	189, 92
	147, 79
	147, 145
	81, 79
	81, 148
	148, 145
	139, 41
	139, 140
	42, 140
	42, 41
	7, 9
	180, 7
	9, 181
	181, 180
	22, 102
	102, 100
	167, 100
	167, 21
	21, 22
	161, 157
	26, 161
	26, 24
	157, 24
	87, 89
	177, 87
	89, 178
	178, 177
	58, 57
	58, 109
	111, 174
	111, 109
	174, 57
	164, 165
	136, 164
	138, 37
	138, 136
	34, 37
	165, 34
	16, 106
	16, 14
	104, 14
	106, 104
	129, 191
	128, 129
	191, 199
	199, 198
	198, 185
	185, 128
Facet Neighbors: 301
	-1, 0
	-2, 1
	-4, 4
	-2, 5
	-3, 5
	-3, 6
	-1, 10
	-4, 11
	-2, 14
	-1, 16
	7, 17
	-1, 18
	-4, 20
	-3, 24
	2, 25
	13, 25
	2, 26
	14, 26
	25, 26
	24, 27
	25, 27
	4, 28
	7, 29
	9, 29
	11, 30
	-4, 30
	28, 30
	-3, 31
	3, 32
	-4, 32
	2, 33
	7, 33
	17, 33
	23, 33
	25, 34
	13, 34
	2, 34
	33, 34
	-2, 35
	27, 35
	18, 36
	-2, 37
	1, 37
	11, 38
	-2, 38
	18, 39
	-1, 39
	0, 39
	22, 40
	29, 40
	39, 40
	0, 40
	15, 41
	20, 41
	3, 41
	37, 42
	1, 42
	21, 42
	6, 43
	-3, 43
	4, 44
	20, 44
	41, 44
	15, 44
	18, 45
	36, 45
	16, 45
	-1, 45
	15, 46
	8, 46
	19, 46
	-3, 47
	31, 47
	13, 47
	2, 48
	21, 48
	17, 48
	38, 49
	-2, 49
	11, 49
	-4, 49
	6, 50
	22, 50
	43, 50
	15, 51
	36, 51
	9, 51
	12, 52
	28, 52
	8, 52
	43, 53
	-3, 53
	10, 53
	29, 54
	9, 54
	39, 54
	18, 54
	40, 54
	23, 55
	22, 55
	7, 55
	50, 55
	55, 56
	22, 56
	40, 56
	29, 56
	7, 56
	47, 57
	31, 57
	23, 57
	13, 57
	34, 57
	33, 57
	11, 58
	38, 58
	1, 58
	52, 59
	8, 59
	17, 60
	19, 60
	7, 60
	14, 61
	26, 61
	48, 61
	21, 61
	2, 61
	22, 62
	40, 62
	0, 62
	10, 62
	42, 63
	12, 63
	58, 63
	1, 63
	35, 64
	14, 64
	26, 64
	25, 64
	27, 64
	17, 65
	60, 65
	46, 65
	19, 65
	8, 65
	58, 66
	63, 66
	12, 66
	11, 66
	41, 67
	20, 67
	32, 67
	-4, 67
	3, 67
	9, 68
	51, 68
	15, 68
	46, 68
	19, 68
	7, 69
	29, 69
	68, 69
	19, 69
	60, 69
	9, 69
	11, 70
	30, 70
	-4, 70
	48, 71
	17, 71
	59, 71
	65, 71
	8, 71
	42, 72
	21, 72
	14, 72
	61, 72
	37, 72
	5, 73
	-3, 73
	24, 73
	11, 74
	30, 74
	28, 74
	12, 74
	66, 74
	52, 74
	16, 75
	3, 75
	45, 75
	51, 75
	36, 75
	10, 76
	-1, 76
	53, 76
	-3, 76
	35, 77
	-2, 77
	14, 77
	64, 77
	73, 78
	5, 78
	35, 78
	-2, 78
	24, 78
	27, 78
	24, 79
	-3, 79
	13, 79
	47, 79
	50, 80
	43, 80
	10, 80
	62, 80
	22, 80
	53, 80
	0, 81
	-1, 81
	10, 81
	62, 81
	42, 82
	63, 82
	52, 82
	12, 82
	59, 82
	4, 83
	-4, 83
	20, 83
	44, 83
	15, 84
	41, 84
	3, 84
	75, 84
	51, 84
	6, 85
	55, 85
	50, 85
	23, 85
	31, 86
	-3, 86
	6, 86
	8, 87
	46, 87
	28, 87
	52, 87
	32, 88
	-1, 88
	-4, 88
	16, 88
	87, 89
	28, 89
	15, 89
	44, 89
	4, 89
	46, 89
	79, 90
	24, 90
	13, 90
	25, 90
	27, 90
	33, 91
	23, 91
	55, 91
	7, 91
	1, 92
	-2, 92
	58, 92
	38, 92
	75, 93
	16, 93
	88, 93
	32, 93
	3, 93
	30, 94
	-4, 94
	4, 94
	28, 94
	14, 95
	-2, 95
	72, 95
	37, 95
	9, 96
	54, 96
	36, 96
	18, 96
	51, 96
	31, 97
	57, 97
	85, 97
	23, 97
	6, 97
	86, 97
	33, 98
	2, 98
	48, 98
	17, 98
	48, 99
	21, 99
	71, 99
	59, 99
	82, 99
	42, 99
Mesh Regions: 100
	0, 47, 51, 128, 215
	1, 42, 56, 115, 133, 263
	14, 16, 30, 36, 74, 125, 292
	28, 54, 152, 187, 230, 271
	2, 21, 60, 224, 252, 274
	3, 4, 177, 200
	5, 58, 81, 233, 239, 289
	10, 22, 31, 100, 106, 120, 158, 262
	69, 89, 117, 143, 171, 240
	23, 86, 94, 153, 163, 280
	6, 92, 129, 191, 211, 217
	7, 24, 43, 79, 113, 147, 164, 180
	87, 131, 146, 183, 222
	15, 35, 73, 110, 207, 256
	8, 17, 121, 135, 174, 197, 276
	52, 63, 68, 84, 155, 228, 250
	9, 66, 186, 247, 268
	10, 32, 76, 118, 139, 168, 294
	11, 40, 45, 64, 96, 283
	70, 119, 142, 157, 161
	12, 53, 61, 149, 226
	57, 75, 124, 173, 296
	48, 82, 99, 103, 126, 213
	33, 98, 109, 236, 260, 288
	13, 19, 179, 203, 205, 255
	14, 15, 18, 20, 34, 137, 257
	16, 17, 18, 122, 136
	19, 20, 39, 138, 204, 258
	21, 26, 88, 182, 242, 249, 275
	22, 23, 49, 93, 105, 159
	24, 25, 26, 165, 181, 272
	27, 72, 108, 237, 285
	28, 29, 150, 244, 270
	30, 31, 32, 33, 37, 112, 259, 291
	34, 35, 36, 37, 111
	38, 39, 134, 195, 201
	40, 65, 85, 190, 282
	41, 42, 55, 176, 279
	43, 44, 77, 114, 266
	45, 46, 47, 50, 95
	48, 49, 50, 51, 97, 104, 127
	52, 53, 54, 62, 148, 229
	55, 56, 57, 130, 172, 219, 300
	58, 59, 83, 90, 210
	60, 61, 62, 63, 227, 251
	64, 65, 66, 67, 188
	68, 69, 70, 141, 156, 241, 253
	71, 72, 73, 107, 208
	74, 75, 76, 123, 167, 293, 295
	77, 78, 79, 80
	81, 82, 83, 101, 209, 235
	84, 85, 86, 154, 189, 232, 284
	87, 88, 89, 116, 185, 221, 243
	90, 91, 92, 193, 214
	93, 94, 95, 96, 97, 281
	98, 99, 100, 101, 102, 234, 261
	102, 103, 104, 105, 106
	107, 108, 109, 110, 111, 112, 286
	113, 114, 115, 132, 144, 265
	116, 117, 169, 223, 298
	118, 119, 120, 140, 162
	121, 122, 123, 124, 125, 175
	126, 127, 128, 129, 212, 218
	130, 131, 132, 133, 145, 220
	134, 135, 136, 137, 138, 198
	139, 140, 141, 142, 143, 170
	144, 145, 146, 147, 184
	148, 149, 150, 151, 152
	153, 154, 155, 156, 157, 160
	158, 159, 160, 161, 162, 163
	164, 165, 166
	167, 168, 169, 170, 171, 297
	172, 173, 174, 175, 176, 278
	177, 178, 179, 199
	180, 181, 182, 183, 184, 185
	186, 187, 188, 189, 190, 231, 267
	191, 192, 193, 194
	195, 196, 197, 198
	199, 200, 201, 202, 203, 204
	205, 206, 207, 208, 254
	209, 210, 211, 212, 213, 214
	215, 216, 217, 218
	219, 220, 221, 222, 223, 299
	224, 225, 226, 227
	228, 229, 230, 231, 232
	233, 234, 235, 236, 287
	237, 238, 239, 290
	240, 241, 242, 243, 248
	244, 245, 246, 247, 269
	248, 249, 250, 251, 252, 253
	254, 255, 256, 257, 258
	259, 260, 261, 262
	263, 264, 265, 266
	267, 268, 269, 270, 271
	272, 273, 274, 275
	276, 277, 278, 279
	280, 281, 282, 283, 284
	285, 286, 287, 288, 289, 290
	291, 292, 293, 294
	295, 296, 297, 298, 299, 300
Seed Numbers: 100
	0
	1
	2
	3
	4
	5
	6
	7
	8
	9
	10
	11
	12
	13
	14
	15
	16
	17
	18
	19
	20
	21
	22
	23
	24
	25
	26
	27
	28
	29
	30
	31
	32
	33
	34
	35
	36
	37
	38
	39
	40
	41
	42
	43
	44
	45
	46
	47
	48
	49
	50
	51
	52
	53
	54
	55
	56
	57
	58
	59
	60
	61
	62
	63
	64
	65
	66
	67
	68
	69
	70
	71
	72
	73
	74
	75
	76
	77
	78
	79
	80
	81
	82
	83
	84
	85
	86
	87
	88
	89
	90
	91
	92
	93
	94
	95
	96
	97
	98
	99
Phase Numbers: 100
	0
	0
	0
	0
	0
	0
	0
	0
	0
	0
	0
	0
	0
	0
	0
	0
	0
	0
	0
	0
	0
	0
	0
	0
	0
	0
	0
	0
	0
	0
	0
	0
	0
	0
	0
	0
	0
	0
	0
	0
	0
	0
	0
	0
	0
	0
	0
	0
	0
	0
	0
	0
	0
	0
	0
	0
	0
	0
	0
	0
	0
	0
	0
	0
	0
	0
	0
	0
	0
	0
	0
	0
	0
	0
	0
	0
	0
	0
	0
	0
	0
	0
	0
	0
	0
	0
	0
	0
	0
	0
	0
	0
	0
	0
	0
	0
	0
	0
	0
	0
Volumes: 100
	0.012987698280621605
	0.012530402325611196
	0.01423354724766351
	0.011578435346392107
	0.010739083028984877
	0.0055501747246362535
	0.011348486187590386
	0.013869666155555484
	0.009253842122348435
	0.011802550422444207
	0.01075860878119771
	0.013882212390231229
	0.009052170229097831
	0.012254111180420992
	0.011154652014927897
	0.013604681499152048
	0.005178543831420338
	0.011719017970640608
	0.011755380942457616
	0.010913804677421871
	0.008613317372028133
	0.009172815826427838
	0.010142543590196281
	0.00969678926593625
	0.011606950667061453
	0.014905879224898009
	0.011977332499975544
	0.011319709267684781
	0.01113609513413982
	0.011936483910379452
	0.010620211126160743
	0.008685237729114267
	0.010482999323590906
	0.014732657313498676
	0.014817516181313177
	0.0047007223376249125
	0.012005374117537954
	0.011185428373343964
	0.006567614660927623
	0.012053071494717968
	0.013781095527028388
	0.012330433668524226
	0.010853326590734076
	0.012580438126349736
	0.01171131393111248
	0.006936820498245422
	0.011797490402789011
	0.006940620489171543
	0.010710825160090188
	0.006954412003429029
	0.009992538177723284
	0.01167957759728454
	0.010723498791254152
	0.007263463176344545
	0.012269509870641935
	0.009933679178038878
	0.01071844965555866
	0.011560433397618551
	0.01119728204041406
	0.008689702816421726
	0.012671319666054288
	0.01263389720374532
	0.010048653880130832
	0.008253318181729995
	0.010383079734912494
	0.010480916577168847
	0.011086844673936433
	0.008579232059753406
	0.012597175324400526
	0.012010529524813782
	0.007117683389501008
	0.010115942551943584
	0.010352619987009665
	0.007011283148151573
	0.012119418696319387
	0.009865184592867452
	0.005491703833753429
	0.006235638415124117
	0.007356528881522537
	0.006721600420913701
	0.011843210570782166
	0.00902313629323256
	0.008453348862303285
	0.005504813956194664
	0.010355289116541468
	0.007550036477990529
	0.006182245951610377
	0.008284984466349041
	0.005189089272976263
	0.00953467647672266
	0.009211590699874175
	0.00838136145260076
	0.004410135561017941
	0.007330090868218685
	0.007015125158087814
	0.007945371727277696
	0.008176186576561141
	0.007654587930899599
	0.009351603636744489
	0.008319814326113957
